COMMENT
He
References:
1) PHELPS database, http://www.lxcat.laplace.univ-tlse.fr, retrieved June 4, 2013
-----------------------------------------------------------------------------------------------------------------------

EFFECTIVE
He
  1.360e-4 / mass ratio
COMMENT: momentum TRANSFER - FROM CROMPTON ET AL AT LOW ENERGY, HAYASHI AT HIGH ENERGIES
UPDATED: 2011-06-06 18:21:14
------------------------------------------------------------
 0.0000e+0	4.9600e-20
 1.0000e-3	4.9800e-20
 2.0000e-3	5.0200e-20
 3.0000e-3	5.0700e-20
 5.0000e-3	5.1200e-20
 7.0000e-3	5.1500e-20
 8.5000e-3	5.1800e-20
 1.0000e-2	5.2100e-20
 1.5000e-2	5.2800e-20
 2.0000e-2	5.3500e-20
 3.0000e-2	5.4600e-20
 4.0000e-2	5.5400e-20
 5.0000e-2	5.6200e-20
 7.0000e-2	5.7400e-20
 1.0000e-1	5.8600e-20
 1.2000e-1	5.9400e-20
 1.5000e-1	6.0400e-20
 1.7000e-1	6.0800e-20
 2.0000e-1	6.1600e-20
 2.5000e-1	6.2700e-20
 3.0000e-1	6.3500e-20
 3.5000e-1	6.4200e-20
 4.0000e-1	6.4900e-20
 5.0000e-1	6.5900e-20
 7.0000e-1	6.7300e-20
 1.0000e+0	6.8500e-20
 1.2000e+0	6.9100e-20
 1.3000e+0	6.9200e-20
 1.5000e+0	6.9600e-20
 1.7000e+0	6.9700e-20
 1.9000e+0	6.9800e-20
 2.1000e+0	6.9800e-20
 2.2000e+0	6.9800e-20
 2.5000e+0	6.9600e-20
 2.8000e+0	6.9200e-20
 3.0000e+0	6.8900e-20
 3.3000e+0	6.8200e-20
 3.6000e+0	6.7300e-20
 4.0000e+0	6.6000e-20
 4.5000e+0	6.4900e-20
 5.0000e+0	6.3100e-20
 6.0000e+0	6.0000e-20
 7.0000e+0	5.6800e-20
 8.0000e+0	5.3500e-20
 1.0000e+1	4.7200e-20
 1.2000e+1	4.2000e-20
 1.5000e+1	3.5000e-20
 1.7000e+1	3.1500e-20
 2.0000e+1	2.6400e-20
 2.5000e+1	2.0500e-20
 3.0000e+1	1.7400e-20
 5.0000e+1	1.1000e-20
 7.5000e+1	8.8000e-21
 1.0000e+2	7.5000e-21
 1.5000e+2	6.0500e-21
 2.0000e+2	5.2000e-21
 3.0000e+2	4.1000e-21
 5.0000e+2	3.0000e-21
 7.5000e+2	2.3500e-21
 1.0000e+3	1.7000e-21
------------------------------------------------------------

EXCITATION
He -> He*(19.8eV)
  1.980e+1 / threshold energy
COMMENT: FROM TURNER'S CCP PAPER, POP, 2013
UPDATED: 2024-04-17
------------------------------------------------------------
2.039320000000000022e+01  1.101269999999999922e-24
2.028180000000000049e+01  1.671269999999999777e-24
2.026670000000000016e+01  2.700089999999999674e-24
2.034919999999999973e+01  4.423409999999999534e-24
2.033470000000000155e+01  6.998930000000000470e-24
2.022149999999999892e+01  1.138609999999999871e-23
2.030379999999999896e+01  1.865329999999999871e-23
2.028140000000000143e+01  3.790749999999999764e-23
2.026650000000000063e+01  6.081879999999998759e-23
2.025140000000000029e+01  9.825859999999999969e-23
2.033429999999999893e+01  1.587489999999999878e-22
2.061919999999999931e+01  2.294849999999999668e-22
2.141979999999999862e+01  3.249180000000000127e-22
2.214809999999999945e+01  4.116019999999999958e-22
2.345889999999999986e+01  5.512759999999999754e-22
2.509110000000000085e+01  6.887819999999999626e-22
3.042060000000000031e+01  9.893649999999999680e-22
3.671079999999999899e+01  1.271499999999999976e-21
4.473749999999999716e+01  1.503329999999999940e-21
5.721829999999999927e+01  1.741029999999999938e-21
7.462139999999999418e+01  1.804149999999999645e-21
9.732299999999999329e+01  1.805699999999999931e-21
1.221310000000000002e+02  1.709259999999999771e-21
1.547470000000000141e+02  1.640679999999999794e-21
1.868360000000000127e+02  1.542099999999999987e-21
2.333439999999999941e+02  1.409849999999999892e-21
2.886499999999999773e+02  1.227679999999999986e-21
3.711410000000000196e+02  1.047109999999999993e-21
5.032699999999999818e+02  8.627309999999999955e-22
6.661779999999999973e+02  6.960949999999999891e-22
8.946870000000000118e+02  5.616709999999999186e-22
------------------------------------------------------------

EXCITATION
He -> He**(19.0eV)
  1.90e+1 / threshold energy
COMMENT: FROM TURNER's CCP PAPER, POP, 2013
UPDATED: 2024-04-17 9:00:00
------------------------------------------------------------
1.952479999999999905e+01  1.140069999999999812e-24
1.950979999999999848e+01  1.867679999999999708e-24
1.939659999999999940e+01  3.540559999999999600e-24
1.946580000000000155e+01  7.986160000000000237e-24
1.944780000000000086e+01  1.452109999999999847e-23
1.942150000000000176e+01  3.462680000000000004e-23
1.939610000000000056e+01  8.030629999999999845e-23
1.928480000000000061e+01  1.460170000000000011e-22
1.954799999999999827e+01  2.655119999999999844e-22
2.020880000000000010e+01  3.811859999999999967e-22
2.224739999999999895e+01  5.177509999999999224e-22
2.413820000000000121e+01  7.280859999999999938e-22
2.914189999999999969e+01  7.085470000000000662e-22
3.502020000000000266e+01  6.084159999999999995e-22
4.188380000000000081e+01  5.045789999999999502e-22
4.986030000000000229e+01  3.718110000000000146e-22
5.682719999999999771e+01  2.876009999999999793e-22
6.201270000000000238e+01  2.224320000000000226e-22
6.865829999999999700e+01  1.732379999999999955e-22
8.134640000000000271e+01  1.215889999999999917e-22
9.499599999999999511e+01  8.357349999999999214e-23
1.114659999999999940e+02  5.989139999999999444e-23
1.252090000000000032e+02  4.730089999999999951e-23
1.353350000000000080e+02  3.436289999999999904e-23
1.448679999999999950e+02  2.548900000000000148e-23
1.550620000000000118e+02  1.984969999999999936e-23
1.716659999999999968e+02  1.623059999999999758e-23
1.846339999999999861e+02  1.263980000000000003e-23
1.929130000000000109e+02  9.774329999999998673e-24
2.166639999999999873e+02  8.568049999999999113e-24
2.680659999999999741e+02  6.629249999999999092e-24
3.040600000000000023e+02  5.021899999999999648e-24
3.317989999999999782e+02  3.938339999999999888e-24
3.569370000000000118e+02  2.687529999999999636e-24
3.711129999999999995e+02  2.197079999999999693e-24
3.878380000000000223e+02  1.478449999999999901e-24
4.012549999999999955e+02  1.295649999999999867e-24
4.484839999999999804e+02  1.135729999999999989e-24
------------------------------------------------------------

IONIZATION
He -> He^+
  2.458e+1 / threshold energy
COMMENT: RAPP AND ENGLANDER-GOLDEN, 1965
UPDATED: 2010-03-13 12:15:21
------------------------------------------------------------
 0.0000e+0	 0.0000e+0
 2.4600e+1	 0.0000e+0
 3.0000e+1	7.1000e-22
 3.4000e+1	1.2100e-21
 4.0000e+1	1.7800e-21
 4.5000e+1	2.1200e-21
 5.0000e+1	2.4200e-21
 6.0000e+1	2.8900e-21
 7.0000e+1	3.1300e-21
 8.0000e+1	3.3200e-21
 9.0000e+1	3.4400e-21
 1.0000e+2	3.5100e-21
 1.5000e+2	3.4600e-21
 2.0000e+2	3.2400e-21
 3.0000e+2	2.9000e-21
 5.0000e+2	2.2000e-21
 7.0000e+2	1.8000e-21
 1.0000e+3	1.4000e-21
------------------------------------------------------------
