2.000000000000000111e-01 1.003999999999999998e-26 1.000000000000000000e+00
2.112999999999999878e-01 1.003999999999999998e-26 1.000000000000000000e+00
2.233999999999999875e-01 1.003999999999999998e-26 1.000000000000000000e+00
2.359999999999999876e-01 1.003999999999999998e-26 1.000000000000000000e+00
2.494000000000000106e-01 1.003999999999999998e-26 1.000000000000000000e+00
2.636000000000000010e-01 1.003999999999999998e-26 1.000000000000000000e+00
2.786000000000000143e-01 1.003999999999999998e-26 1.000000000000000000e+00
2.943999999999999950e-01 1.003999999999999998e-26 1.000000000000000000e+00
3.110999999999999877e-01 1.003999999999999998e-26 1.000000000000000000e+00
3.286999999999999922e-01 1.003999999999999998e-26 1.000000000000000000e+00
3.473999999999999866e-01 1.003999999999999998e-26 1.000000000000000000e+00
3.670999999999999819e-01 1.003999999999999998e-26 1.000000000000000000e+00
3.880000000000000115e-01 1.003999999999999998e-26 1.000000000000000000e+00
4.099999999999999756e-01 1.003999999999999998e-26 1.000000000000000000e+00
4.333000000000000185e-01 1.003999999999999998e-26 1.000000000000000000e+00
4.577999999999999847e-01 1.003999999999999998e-26 1.000000000000000000e+00
4.838000000000000078e-01 1.003999999999999998e-26 1.000000000000000000e+00
5.112999999999999767e-01 1.003999999999999998e-26 1.000000000000000000e+00
5.403000000000000025e-01 1.003999999999999998e-26 1.000000000000000000e+00
5.709999999999999520e-01 1.003999999999999998e-26 1.000000000000000000e+00
6.034000000000000474e-01 1.003999999999999998e-26 1.000000000000000000e+00
6.375999999999999446e-01 1.003999999999999998e-26 1.000000000000000000e+00
6.739000000000000545e-01 1.003999999999999998e-26 1.000000000000000000e+00
7.120999999999999552e-01 1.003999999999999998e-26 1.000000000000000000e+00
7.526000000000000467e-01 1.003999999999999998e-26 1.000000000000000000e+00
7.953000000000000069e-01 1.003999999999999998e-26 1.000000000000000000e+00
8.405000000000000249e-01 1.003999999999999998e-26 1.000000000000000000e+00
8.881999999999999895e-01 1.003999999999999998e-26 1.000000000000000000e+00
9.385000000000000009e-01 1.003999999999999998e-26 1.000000000000000000e+00
9.918000000000000149e-01 1.003999999999999998e-26 1.000000000000000000e+00
1.048000000000000043e+00 1.003999999999999998e-26 1.000000000000000000e+00
1.108000000000000096e+00 1.003999999999999998e-26 1.000000000000000000e+00
1.169999999999999929e+00 1.003999999999999998e-26 1.000000000000000000e+00
1.237000000000000099e+00 1.003999999999999998e-26 1.000000000000000000e+00
1.306999999999999940e+00 1.003999999999999998e-26 1.000000000000000000e+00
1.381000000000000005e+00 1.003999999999999998e-26 1.000000000000000000e+00
1.459999999999999964e+00 1.003999999999999998e-26 1.000000000000000000e+00
1.542999999999999927e+00 1.003999999999999998e-26 1.000000000000000000e+00
1.629999999999999893e+00 1.003999999999999998e-26 1.000000000000000000e+00
1.723000000000000087e+00 1.003999999999999998e-26 1.000000000000000000e+00
1.820999999999999952e+00 1.003999999999999998e-26 1.000000000000000000e+00
1.923999999999999932e+00 9.371999999999999638e-26 1.000000000000000000e+00
2.032999999999999918e+00 6.637999999999999573e-25 1.000000000000000000e+00
2.149000000000000021e+00 3.894000000000000362e-24 1.000000000000000000e+00
2.270000000000000018e+00 1.879000000000000080e-23 1.000000000000000000e+00
2.399000000000000021e+00 7.539999999999999957e-23 1.000000000000000000e+00
2.536000000000000032e+00 2.604999999999999832e-22 1.000000000000000000e+00
2.678999999999999826e+00 7.828999999999999911e-22 1.000000000000000000e+00
2.831999999999999851e+00 2.085999999999999992e-21 1.000000000000000000e+00
2.991999999999999993e+00 4.964999999999999768e-21 1.000000000000000000e+00
3.161999999999999922e+00 1.082999999999999932e-20 1.000000000000000000e+00
3.342000000000000082e+00 2.178000000000000022e-20 1.000000000000000000e+00
3.531000000000000139e+00 4.089999999999999759e-20 1.000000000000000000e+00
3.732000000000000206e+00 7.272999999999999741e-20 1.000000000000000000e+00
3.943999999999999950e+00 1.229999999999999907e-19 1.000000000000000000e+00
4.168000000000000149e+00 2.014999999999999967e-19 1.000000000000000000e+00
4.403999999999999915e+00 3.210000000000000156e-19 1.000000000000000000e+00
4.653999999999999915e+00 5.003000000000000457e-19 1.000000000000000000e+00
4.918999999999999595e+00 7.708999999999999771e-19 1.000000000000000000e+00
5.198000000000000398e+00 1.184000000000000017e-18 1.000000000000000000e+00
5.493000000000000327e+00 1.829000000000000052e-18 1.000000000000000000e+00
5.804999999999999716e+00 2.866000000000000003e-18 1.000000000000000000e+00
6.134000000000000341e+00 4.614999999999999710e-18 1.000000000000000000e+00
6.482000000000000206e+00 7.727000000000000561e-18 1.000000000000000000e+00
6.849999999999999645e+00 1.326999999999999949e-17 1.000000000000000000e+00
7.238999999999999879e+00 2.259999999999999992e-17 1.000000000000000000e+00
7.650000000000000355e+00 3.669999999999999731e-17 1.000000000000000000e+00
8.083999999999999631e+00 5.600999999999999702e-17 1.000000000000000000e+00
8.542999999999999261e+00 8.041999999999999578e-17 1.000000000000000000e+00
9.028000000000000469e+00 1.095999999999999961e-16 1.000000000000000222e+00
9.541000000000000369e+00 1.425999999999999900e-16 1.000000000000000222e+00
1.008000000000000007e+01 1.787999999999999915e-16 1.000000000000000222e+00
1.065000000000000036e+01 2.176000000000000008e-16 1.000000000000000222e+00
1.125999999999999979e+01 2.582999999999999768e-16 1.000000000000000222e+00
1.190000000000000036e+01 3.003000000000000183e-16 1.000000000000000222e+00
1.257000000000000028e+01 3.432999999999999775e-16 1.000000000000000222e+00
1.328999999999999915e+01 3.867000000000000023e-16 1.000000000000000444e+00
1.403999999999999915e+01 4.299999999999999861e-16 1.000000000000000444e+00
1.483999999999999986e+01 4.731000000000000356e-16 1.000000000000000444e+00
1.567999999999999972e+01 5.154999999999999949e-16 1.000000000000000444e+00
1.657000000000000028e+01 5.569000000000000365e-16 1.000000000000000444e+00
1.751000000000000156e+01 5.970999999999999798e-16 1.000000000000000666e+00
1.851000000000000156e+01 6.357999999999999973e-16 1.000000000000000666e+00
1.955999999999999872e+01 6.728000000000000068e-16 1.000000000000000666e+00
2.067000000000000171e+01 7.079999999999999675e-16 1.000000000000000666e+00
2.183999999999999986e+01 7.413000000000000352e-16 1.000000000000000666e+00
2.307999999999999829e+01 7.725000000000000295e-16 1.000000000000000888e+00
2.439000000000000057e+01 8.013999999999999666e-16 1.000000000000000888e+00
2.578000000000000114e+01 8.280999999999999863e-16 1.000000000000000888e+00
2.723999999999999844e+01 8.524000000000000064e-16 1.000000000000000888e+00
2.878999999999999915e+01 8.743000000000000270e-16 1.000000000000000888e+00
3.042000000000000171e+01 8.936999999999999084e-16 1.000000000000000888e+00
3.214999999999999858e+01 9.106000000000000450e-16 1.000000000000000888e+00
3.396999999999999886e+01 9.250999999999999848e-16 1.000000000000000888e+00
3.589999999999999858e+01 9.370000000000000401e-16 1.000000000000000888e+00
3.793999999999999773e+01 9.463999999999999562e-16 1.000000000000000888e+00
4.009000000000000341e+01 9.534000000000000699e-16 1.000000000000000888e+00
4.236999999999999744e+01 9.579999999999999869e-16 1.000000000000000888e+00
4.477000000000000313e+01 9.601999999999999043e-16 1.000000000000000888e+00
4.731000000000000227e+01 9.603000000000000440e-16 1.000000000000000888e+00
5.000000000000000000e+01 9.579000000000000444e-16 1.000000000000000888e+00
