BOLSIG+ version: 03/2016
Collision input data:
--------------------------------------------------
He                                                              
bolsig_input_turner.txt
How to reference in publications:
1) PHELPS database, http://www.lxcat.laplace.univ-tlse.fr, retrieved June 4, 2013
 
 
 
Angular frequency / N (m3/s)               0.000    
Cosine of E-B field angle                  0.000    
Gas temperature (K)                        300.0    
Excitation temperature (K)                 300.0    
Transition energy (eV)                     0.000    
Ionization degree                          0.000    
Plasma density (1/m3)                     0.1000E+19
Ion charge parameter                       1.000    
Ion/neutral mass ratio                     1.000    
e-e momentum effects                       1.000    
Energy sharing                             1.000    
Growth model                               1.000    
Maxwellian mean energy (eV)                0.000    
# of grid points                           200.0    
Grid type                                  0.000    
Maximum energy                             200.0    
Precision                                 0.1000E-09
Convergence                               0.1000E-03
Maximum # of iterations                    1000.    
Mole fraction He                           1.000    
 
 
Energy (eV) 	Electric field / N (Td)                                         
0.2000	0.3049
0.2113	0.3259
0.2234	0.3481
0.2360	0.3717
0.2494	0.3967
0.2636	0.4232
0.2786	0.4513
0.2944	0.4811
0.3111	0.5127
0.3287	0.5462
0.3474	0.5816
0.3671	0.6192
0.3880	0.6590
0.4100	0.7011
0.4333	0.7458
0.4578	0.7931
0.4838	0.8430
0.5113	0.8960
0.5403	0.9521
0.5710	1.011
0.6034	1.074
0.6376	1.141
0.6739	1.211
0.7121	1.285
0.7526	1.364
0.7953	1.446
0.8405	1.534
0.8882	1.626
0.9385	1.723
0.9918	1.826
1.048	1.934
1.108	2.047
1.170	2.166
1.237	2.291
1.307	2.423
1.381	2.560
1.460	2.704
1.543	2.854
1.630	3.010
1.723	3.173
1.821	3.342
1.924	3.517
2.033	3.698
2.149	3.886
2.270	4.079
2.399	4.278
2.536	4.482
2.679	4.690
2.832	4.904
2.992	5.122
3.162	5.347
3.342	5.578
3.531	5.818
3.732	6.071
3.944	6.340
4.168	6.631
4.404	6.953
4.654	7.318
4.919	7.743
5.198	8.258
5.493	8.909
5.804	9.770
6.134	11.00
6.482	12.84
6.850	15.63
7.239	19.64
7.650	24.98
8.084	31.52
8.543	39.09
9.028	47.44
9.541	56.43
10.08	65.91
10.65	75.76
11.26	85.93
11.90	96.36
12.57	107.0
13.29	117.9
14.04	129.0
14.84	140.3
15.68	151.9
16.57	163.6
17.51	175.6
18.51	187.8
19.56	200.3
20.67	213.1
21.84	226.2
23.08	239.6
24.39	253.4
25.78	267.5
27.24	282.1
28.79	297.2
30.42	312.7
32.15	328.7
33.97	345.2
35.90	362.3
37.94	380.0
40.09	398.3
42.37	417.3
44.77	436.9
47.31	457.2
50.00	478.3
 
 
Energy (eV)	Mean energy (eV)
0.2000	0.2000
0.2113	0.2113
0.2234	0.2234
0.2360	0.2360
0.2494	0.2494
0.2636	0.2636
0.2786	0.2786
0.2944	0.2944
0.3111	0.3111
0.3287	0.3287
0.3474	0.3474
0.3671	0.3671
0.3880	0.3880
0.4100	0.4100
0.4333	0.4333
0.4578	0.4578
0.4838	0.4838
0.5113	0.5113
0.5403	0.5403
0.5710	0.5710
0.6034	0.6034
0.6376	0.6376
0.6739	0.6739
0.7121	0.7121
0.7526	0.7526
0.7953	0.7953
0.8405	0.8405
0.8882	0.8882
0.9385	0.9385
0.9918	0.9918
1.048	1.048
1.108	1.108
1.170	1.170
1.237	1.237
1.307	1.307
1.381	1.381
1.460	1.460
1.543	1.543
1.630	1.630
1.723	1.723
1.821	1.821
1.924	1.924
2.033	2.033
2.149	2.149
2.270	2.270
2.399	2.399
2.536	2.536
2.679	2.679
2.832	2.832
2.992	2.992
3.162	3.162
3.342	3.342
3.531	3.531
3.732	3.732
3.944	3.944
4.168	4.168
4.404	4.404
4.654	4.654
4.919	4.919
5.198	5.198
5.493	5.493
5.804	5.804
6.134	6.134
6.482	6.482
6.850	6.850
7.239	7.239
7.650	7.650
8.084	8.084
8.543	8.543
9.028	9.028
9.541	9.541
10.08	10.08
10.65	10.65
11.26	11.26
11.90	11.90
12.57	12.57
13.29	13.29
14.04	14.04
14.84	14.84
15.68	15.68
16.57	16.57
17.51	17.51
18.51	18.51
19.56	19.56
20.67	20.67
21.84	21.84
23.08	23.08
24.39	24.39
25.78	25.78
27.24	27.24
28.79	28.79
30.42	30.42
32.15	32.15
33.97	33.97
35.90	35.90
37.94	37.94
40.09	40.09
42.37	42.37
44.77	44.77
47.31	47.31
50.00	50.00
 
 
Energy (eV)	Mobility *N (1/m/V/s)
0.2000	0.8748E+25
0.2113	0.8471E+25
0.2234	0.8203E+25
0.2360	0.7944E+25
0.2494	0.7694E+25
0.2636	0.7452E+25
0.2786	0.7219E+25
0.2944	0.6993E+25
0.3111	0.6775E+25
0.3287	0.6564E+25
0.3474	0.6361E+25
0.3671	0.6164E+25
0.3880	0.5974E+25
0.4100	0.5791E+25
0.4333	0.5614E+25
0.4578	0.5442E+25
0.4838	0.5277E+25
0.5113	0.5117E+25
0.5403	0.4962E+25
0.5710	0.4813E+25
0.6034	0.4669E+25
0.6376	0.4529E+25
0.6739	0.4395E+25
0.7121	0.4265E+25
0.7526	0.4140E+25
0.7953	0.4019E+25
0.8405	0.3902E+25
0.8882	0.3790E+25
0.9385	0.3682E+25
0.9918	0.3578E+25
1.048	0.3478E+25
1.108	0.3382E+25
1.170	0.3290E+25
1.237	0.3202E+25
1.307	0.3118E+25
1.381	0.3037E+25
1.460	0.2961E+25
1.543	0.2888E+25
1.630	0.2818E+25
1.723	0.2753E+25
1.821	0.2690E+25
1.924	0.2632E+25
2.033	0.2576E+25
2.149	0.2525E+25
2.270	0.2476E+25
2.399	0.2431E+25
2.536	0.2389E+25
2.679	0.2350E+25
2.832	0.2315E+25
2.992	0.2283E+25
3.162	0.2254E+25
3.342	0.2228E+25
3.531	0.2205E+25
3.732	0.2185E+25
3.944	0.2168E+25
4.168	0.2154E+25
4.404	0.2142E+25
4.654	0.2134E+25
4.919	0.2129E+25
5.198	0.2127E+25
5.493	0.2129E+25
5.804	0.2135E+25
6.134	0.2145E+25
6.482	0.2158E+25
6.850	0.2174E+25
7.239	0.2193E+25
7.650	0.2215E+25
8.084	0.2241E+25
8.543	0.2271E+25
9.028	0.2304E+25
9.541	0.2339E+25
10.08	0.2376E+25
10.65	0.2415E+25
11.26	0.2454E+25
11.90	0.2494E+25
12.57	0.2535E+25
13.29	0.2575E+25
14.04	0.2616E+25
14.84	0.2655E+25
15.68	0.2694E+25
16.57	0.2732E+25
17.51	0.2768E+25
18.51	0.2803E+25
19.56	0.2836E+25
20.67	0.2867E+25
21.84	0.2897E+25
23.08	0.2924E+25
24.39	0.2949E+25
25.78	0.2972E+25
27.24	0.2992E+25
28.79	0.3009E+25
30.42	0.3025E+25
32.15	0.3039E+25
33.97	0.3050E+25
35.90	0.3059E+25
37.94	0.3066E+25
40.09	0.3069E+25
42.37	0.3072E+25
44.77	0.3073E+25
47.31	0.3072E+25
50.00	0.3068E+25
 
 
Energy (eV)	Diffusion coefficient *N (1/m/s)
0.2000	0.1359E+25
0.2113	0.1391E+25
0.2234	0.1425E+25
0.2360	0.1459E+25
0.2494	0.1495E+25
0.2636	0.1531E+25
0.2786	0.1568E+25
0.2944	0.1606E+25
0.3111	0.1644E+25
0.3287	0.1684E+25
0.3474	0.1725E+25
0.3671	0.1767E+25
0.3880	0.1810E+25
0.4100	0.1854E+25
0.4333	0.1899E+25
0.4578	0.1945E+25
0.4838	0.1993E+25
0.5113	0.2042E+25
0.5403	0.2092E+25
0.5710	0.2144E+25
0.6034	0.2197E+25
0.6376	0.2251E+25
0.6739	0.2307E+25
0.7121	0.2365E+25
0.7526	0.2424E+25
0.7953	0.2486E+25
0.8405	0.2549E+25
0.8882	0.2614E+25
0.9385	0.2680E+25
0.9918	0.2750E+25
1.048	0.2821E+25
1.108	0.2895E+25
1.170	0.2971E+25
1.237	0.3050E+25
1.307	0.3133E+25
1.381	0.3218E+25
1.460	0.3307E+25
1.543	0.3400E+25
1.630	0.3496E+25
1.723	0.3598E+25
1.821	0.3704E+25
1.924	0.3815E+25
2.033	0.3932E+25
2.149	0.4055E+25
2.270	0.4185E+25
2.399	0.4322E+25
2.536	0.4468E+25
2.679	0.4623E+25
2.832	0.4788E+25
2.992	0.4964E+25
3.162	0.5152E+25
3.342	0.5354E+25
3.531	0.5570E+25
3.732	0.5802E+25
3.944	0.6050E+25
4.168	0.6317E+25
4.404	0.6603E+25
4.654	0.6911E+25
4.919	0.7242E+25
5.198	0.7599E+25
5.493	0.7983E+25
5.804	0.8399E+25
6.134	0.8851E+25
6.482	0.9343E+25
6.850	0.9882E+25
7.239	0.1048E+26
7.650	0.1113E+26
8.084	0.1186E+26
8.543	0.1267E+26
9.028	0.1356E+26
9.541	0.1454E+26
10.08	0.1561E+26
10.65	0.1678E+26
11.26	0.1805E+26
11.90	0.1942E+26
12.57	0.2091E+26
13.29	0.2251E+26
14.04	0.2422E+26
14.84	0.2606E+26
15.68	0.2803E+26
16.57	0.3012E+26
17.51	0.3234E+26
18.51	0.3471E+26
19.56	0.3721E+26
20.67	0.3984E+26
21.84	0.4262E+26
23.08	0.4554E+26
24.39	0.4862E+26
25.78	0.5185E+26
27.24	0.5523E+26
28.79	0.5876E+26
30.42	0.6248E+26
32.15	0.6635E+26
33.97	0.7040E+26
35.90	0.7463E+26
37.94	0.7905E+26
40.09	0.8364E+26
42.37	0.8846E+26
44.77	0.9349E+26
47.31	0.9874E+26
50.00	0.1042E+27
 
 
Energy (eV)	Energy mobility *N (1/m/V/s)
0.2000	0.1311E+26
0.2113	0.1270E+26
0.2234	0.1231E+26
0.2360	0.1193E+26
0.2494	0.1156E+26
0.2636	0.1121E+26
0.2786	0.1086E+26
0.2944	0.1053E+26
0.3111	0.1021E+26
0.3287	0.9898E+25
0.3474	0.9597E+25
0.3671	0.9305E+25
0.3880	0.9023E+25
0.4100	0.8750E+25
0.4333	0.8486E+25
0.4578	0.8230E+25
0.4838	0.7984E+25
0.5113	0.7745E+25
0.5403	0.7514E+25
0.5710	0.7291E+25
0.6034	0.7075E+25
0.6376	0.6866E+25
0.6739	0.6665E+25
0.7121	0.6471E+25
0.7526	0.6283E+25
0.7953	0.6103E+25
0.8405	0.5928E+25
0.8882	0.5760E+25
0.9385	0.5599E+25
0.9918	0.5444E+25
1.048	0.5295E+25
1.108	0.5152E+25
1.170	0.5015E+25
1.237	0.4884E+25
1.307	0.4760E+25
1.381	0.4641E+25
1.460	0.4528E+25
1.543	0.4421E+25
1.630	0.4320E+25
1.723	0.4224E+25
1.821	0.4134E+25
1.924	0.4050E+25
2.033	0.3971E+25
2.149	0.3898E+25
2.270	0.3831E+25
2.399	0.3769E+25
2.536	0.3713E+25
2.679	0.3663E+25
2.832	0.3619E+25
2.992	0.3581E+25
3.162	0.3549E+25
3.342	0.3523E+25
3.531	0.3503E+25
3.732	0.3489E+25
3.944	0.3479E+25
4.168	0.3475E+25
4.404	0.3476E+25
4.654	0.3483E+25
4.919	0.3493E+25
5.198	0.3509E+25
5.493	0.3531E+25
5.804	0.3558E+25
6.134	0.3592E+25
6.482	0.3634E+25
6.850	0.3684E+25
7.239	0.3743E+25
7.650	0.3811E+25
8.084	0.3889E+25
8.543	0.3975E+25
9.028	0.4066E+25
9.541	0.4161E+25
10.08	0.4258E+25
10.65	0.4359E+25
11.26	0.4459E+25
11.90	0.4558E+25
12.57	0.4658E+25
13.29	0.4754E+25
14.04	0.4847E+25
14.84	0.4936E+25
15.68	0.5020E+25
16.57	0.5099E+25
17.51	0.5173E+25
18.51	0.5240E+25
19.56	0.5301E+25
20.67	0.5355E+25
21.84	0.5403E+25
23.08	0.5444E+25
24.39	0.5479E+25
25.78	0.5507E+25
27.24	0.5530E+25
28.79	0.5545E+25
30.42	0.5558E+25
32.15	0.5563E+25
33.97	0.5565E+25
35.90	0.5562E+25
37.94	0.5554E+25
40.09	0.5543E+25
42.37	0.5528E+25
44.77	0.5511E+25
47.31	0.5491E+25
50.00	0.5469E+25
 
 
Energy (eV)	Energy diffusion coef. D*N (1/m/s)
0.2000	0.1598E+25
0.2113	0.1636E+25
0.2234	0.1674E+25
0.2360	0.1714E+25
0.2494	0.1755E+25
0.2636	0.1796E+25
0.2786	0.1839E+25
0.2944	0.1883E+25
0.3111	0.1928E+25
0.3287	0.1975E+25
0.3474	0.2022E+25
0.3671	0.2071E+25
0.3880	0.2122E+25
0.4100	0.2173E+25
0.4333	0.2227E+25
0.4578	0.2281E+25
0.4838	0.2337E+25
0.5113	0.2395E+25
0.5403	0.2455E+25
0.5710	0.2516E+25
0.6034	0.2579E+25
0.6376	0.2645E+25
0.6739	0.2712E+25
0.7121	0.2781E+25
0.7526	0.2852E+25
0.7953	0.2926E+25
0.8405	0.3003E+25
0.8882	0.3082E+25
0.9385	0.3164E+25
0.9918	0.3249E+25
1.048	0.3338E+25
1.108	0.3430E+25
1.170	0.3526E+25
1.237	0.3627E+25
1.307	0.3732E+25
1.381	0.3843E+25
1.460	0.3960E+25
1.543	0.4083E+25
1.630	0.4213E+25
1.723	0.4351E+25
1.821	0.4498E+25
1.924	0.4654E+25
2.033	0.4821E+25
2.149	0.5000E+25
2.270	0.5193E+25
2.399	0.5402E+25
2.536	0.5629E+25
2.679	0.5875E+25
2.832	0.6144E+25
2.992	0.6437E+25
3.162	0.6754E+25
3.342	0.7098E+25
3.531	0.7468E+25
3.732	0.7863E+25
3.944	0.8283E+25
4.168	0.8728E+25
4.404	0.9197E+25
4.654	0.9693E+25
4.919	0.1022E+26
5.198	0.1077E+26
5.493	0.1135E+26
5.804	0.1198E+26
6.134	0.1267E+26
6.482	0.1342E+26
6.850	0.1426E+26
7.239	0.1521E+26
7.650	0.1631E+26
8.084	0.1759E+26
8.543	0.1909E+26
9.028	0.2079E+26
9.541	0.2273E+26
10.08	0.2489E+26
10.65	0.2732E+26
11.26	0.2998E+26
11.90	0.3292E+26
12.57	0.3614E+26
13.29	0.3964E+26
14.04	0.4342E+26
14.84	0.4750E+26
15.68	0.5187E+26
16.57	0.5654E+26
17.51	0.6150E+26
18.51	0.6676E+26
19.56	0.7231E+26
20.67	0.7815E+26
21.84	0.8429E+26
23.08	0.9072E+26
24.39	0.9746E+26
25.78	0.1045E+27
27.24	0.1119E+27
28.79	0.1195E+27
30.42	0.1276E+27
32.15	0.1359E+27
33.97	0.1447E+27
35.90	0.1538E+27
37.94	0.1633E+27
40.09	0.1733E+27
42.37	0.1838E+27
44.77	0.1947E+27
47.31	0.2062E+27
50.00	0.2183E+27
 
 
Energy (eV)	Total collision freq. /N (m3/s)
0.2000	0.1554E-13
0.2113	0.1604E-13
0.2234	0.1656E-13
0.2360	0.1709E-13
0.2494	0.1764E-13
0.2636	0.1820E-13
0.2786	0.1879E-13
0.2944	0.1939E-13
0.3111	0.2001E-13
0.3287	0.2065E-13
0.3474	0.2131E-13
0.3671	0.2199E-13
0.3880	0.2269E-13
0.4100	0.2341E-13
0.4333	0.2415E-13
0.4578	0.2491E-13
0.4838	0.2570E-13
0.5113	0.2650E-13
0.5403	0.2734E-13
0.5710	0.2819E-13
0.6034	0.2907E-13
0.6376	0.2998E-13
0.6739	0.3091E-13
0.7121	0.3187E-13
0.7526	0.3285E-13
0.7953	0.3385E-13
0.8405	0.3489E-13
0.8882	0.3595E-13
0.9385	0.3703E-13
0.9918	0.3814E-13
1.048	0.3928E-13
1.108	0.4044E-13
1.170	0.4163E-13
1.237	0.4283E-13
1.307	0.4406E-13
1.381	0.4531E-13
1.460	0.4658E-13
1.543	0.4786E-13
1.630	0.4915E-13
1.723	0.5046E-13
1.821	0.5177E-13
1.924	0.5309E-13
2.033	0.5441E-13
2.149	0.5573E-13
2.270	0.5705E-13
2.399	0.5835E-13
2.536	0.5963E-13
2.679	0.6090E-13
2.832	0.6214E-13
2.992	0.6336E-13
3.162	0.6455E-13
3.342	0.6570E-13
3.531	0.6682E-13
3.732	0.6791E-13
3.944	0.6897E-13
4.168	0.6998E-13
4.404	0.7096E-13
4.654	0.7189E-13
4.919	0.7278E-13
5.198	0.7362E-13
5.493	0.7439E-13
5.804	0.7508E-13
6.134	0.7570E-13
6.482	0.7624E-13
6.850	0.7672E-13
7.239	0.7714E-13
7.650	0.7748E-13
8.084	0.7771E-13
8.543	0.7783E-13
9.028	0.7784E-13
9.541	0.7776E-13
10.08	0.7760E-13
10.65	0.7736E-13
11.26	0.7707E-13
11.90	0.7671E-13
12.57	0.7630E-13
13.29	0.7584E-13
14.04	0.7534E-13
14.84	0.7480E-13
15.68	0.7423E-13
16.57	0.7363E-13
17.51	0.7300E-13
18.51	0.7235E-13
19.56	0.7168E-13
20.67	0.7099E-13
21.84	0.7029E-13
23.08	0.6958E-13
24.39	0.6885E-13
25.78	0.6812E-13
27.24	0.6739E-13
28.79	0.6665E-13
30.42	0.6592E-13
32.15	0.6518E-13
33.97	0.6444E-13
35.90	0.6371E-13
37.94	0.6299E-13
40.09	0.6227E-13
42.37	0.6156E-13
44.77	0.6086E-13
47.31	0.6017E-13
50.00	0.5950E-13
 
 
Energy (eV)	Momentum frequency /N (m3/s)
0.2000	0.2010E-13
0.2113	0.2076E-13
0.2234	0.2144E-13
0.2360	0.2214E-13
0.2494	0.2286E-13
0.2636	0.2360E-13
0.2786	0.2437E-13
0.2944	0.2515E-13
0.3111	0.2596E-13
0.3287	0.2679E-13
0.3474	0.2765E-13
0.3671	0.2853E-13
0.3880	0.2944E-13
0.4100	0.3037E-13
0.4333	0.3133E-13
0.4578	0.3232E-13
0.4838	0.3333E-13
0.5113	0.3437E-13
0.5403	0.3544E-13
0.5710	0.3654E-13
0.6034	0.3767E-13
0.6376	0.3883E-13
0.6739	0.4002E-13
0.7121	0.4124E-13
0.7526	0.4249E-13
0.7953	0.4376E-13
0.8405	0.4507E-13
0.8882	0.4641E-13
0.9385	0.4777E-13
0.9918	0.4915E-13
1.048	0.5057E-13
1.108	0.5200E-13
1.170	0.5346E-13
1.237	0.5493E-13
1.307	0.5641E-13
1.381	0.5791E-13
1.460	0.5940E-13
1.543	0.6091E-13
1.630	0.6240E-13
1.723	0.6390E-13
1.821	0.6537E-13
1.924	0.6683E-13
2.033	0.6827E-13
2.149	0.6967E-13
2.270	0.7104E-13
2.399	0.7236E-13
2.536	0.7363E-13
2.679	0.7483E-13
2.832	0.7598E-13
2.992	0.7705E-13
3.162	0.7804E-13
3.342	0.7894E-13
3.531	0.7976E-13
3.732	0.8050E-13
3.944	0.8113E-13
4.168	0.8167E-13
4.404	0.8210E-13
4.654	0.8242E-13
4.919	0.8262E-13
5.198	0.8268E-13
5.493	0.8261E-13
5.804	0.8239E-13
6.134	0.8202E-13
6.482	0.8151E-13
6.850	0.8091E-13
7.239	0.8021E-13
7.650	0.7941E-13
8.084	0.7847E-13
8.543	0.7743E-13
9.028	0.7633E-13
9.541	0.7519E-13
10.08	0.7402E-13
10.65	0.7283E-13
11.26	0.7166E-13
11.90	0.7052E-13
12.57	0.6939E-13
13.29	0.6829E-13
14.04	0.6725E-13
14.84	0.6624E-13
15.68	0.6528E-13
16.57	0.6438E-13
17.51	0.6354E-13
18.51	0.6274E-13
19.56	0.6201E-13
20.67	0.6134E-13
21.84	0.6071E-13
23.08	0.6015E-13
24.39	0.5964E-13
25.78	0.5919E-13
27.24	0.5879E-13
28.79	0.5844E-13
30.42	0.5814E-13
32.15	0.5788E-13
33.97	0.5767E-13
35.90	0.5750E-13
37.94	0.5738E-13
40.09	0.5730E-13
42.37	0.5726E-13
44.77	0.5724E-13
47.31	0.5726E-13
50.00	0.5732E-13
 
 
Energy (eV)	Total ionization freq. /N (m3/s)
0.2000	0.000
0.2113	0.000
0.2234	0.000
0.2360	0.000
0.2494	0.000
0.2636	0.000
0.2786	0.000
0.2944	0.000
0.3111	0.000
0.3287	0.000
0.3474	0.000
0.3671	0.000
0.3880	0.000
0.4100	0.000
0.4333	0.000
0.4578	0.000
0.4838	0.000
0.5113	0.000
0.5403	0.000
0.5710	0.000
0.6034	0.000
0.6376	0.000
0.6739	0.000
0.7121	0.000
0.7526	0.000
0.7953	0.000
0.8405	0.000
0.8882	0.000
0.9385	0.000
0.9918	0.000
1.048	0.000
1.108	0.000
1.170	0.000
1.237	0.000
1.307	0.000
1.381	0.000
1.460	0.000
1.543	0.000
1.630	0.000
1.723	0.000
1.821	0.000
1.924	0.000
2.033	0.000
2.149	0.000
2.270	0.000
2.399	0.000
2.536	0.000
2.679	0.9469E-27
2.832	0.1301E-25
2.992	0.6054E-25
3.162	0.2160E-24
3.342	0.6874E-24
3.531	0.1942E-23
3.732	0.5142E-23
3.944	0.1277E-22
4.168	0.3061E-22
4.404	0.7153E-22
4.654	0.1644E-21
4.919	0.3814E-21
5.198	0.9084E-21
5.493	0.2270E-20
5.804	0.6051E-20
6.134	0.1822E-19
6.482	0.6207E-19
6.850	0.2325E-18
7.239	0.8482E-18
7.650	0.2713E-17
8.084	0.7249E-17
8.543	0.1637E-16
9.028	0.3207E-16
9.541	0.5633E-16
10.08	0.9078E-16
10.65	0.1368E-15
11.26	0.1956E-15
11.90	0.2683E-15
12.57	0.3557E-15
13.29	0.4584E-15
14.04	0.5772E-15
14.84	0.7125E-15
15.68	0.8646E-15
16.57	0.1034E-14
17.51	0.1221E-14
18.51	0.1425E-14
19.56	0.1647E-14
20.67	0.1886E-14
21.84	0.2143E-14
23.08	0.2418E-14
24.39	0.2709E-14
25.78	0.3018E-14
27.24	0.3343E-14
28.79	0.3685E-14
30.42	0.4043E-14
32.15	0.4416E-14
33.97	0.4804E-14
35.90	0.5207E-14
37.94	0.5624E-14
40.09	0.6054E-14
42.37	0.6496E-14
44.77	0.6951E-14
47.31	0.7416E-14
50.00	0.7891E-14
 
 
Energy (eV)	Townsend ioniz. coef. alpha/N (m2)
0.2000	0.000
0.2113	0.000
0.2234	0.000
0.2360	0.000
0.2494	0.000
0.2636	0.000
0.2786	0.000
0.2944	0.000
0.3111	0.000
0.3287	0.000
0.3474	0.000
0.3671	0.000
0.3880	0.000
0.4100	0.000
0.4333	0.000
0.4578	0.000
0.4838	0.000
0.5113	0.000
0.5403	0.000
0.5710	0.000
0.6034	0.000
0.6376	0.000
0.6739	0.000
0.7121	0.000
0.7526	0.000
0.7953	0.000
0.8405	0.000
0.8882	0.000
0.9385	0.000
0.9918	0.000
1.048	0.000
1.108	0.000
1.170	0.000
1.237	0.000
1.307	0.000
1.381	0.000
1.460	0.000
1.543	0.000
1.630	0.000
1.723	0.000
1.821	0.000
1.924	0.000
2.033	0.000
2.149	0.000
2.270	0.000
2.399	0.000
2.536	0.000
2.679	0.8590E-31
2.832	0.1146E-29
2.992	0.5177E-29
3.162	0.1793E-28
3.342	0.5531E-28
3.531	0.1514E-27
3.732	0.3876E-27
3.944	0.9287E-27
4.168	0.2144E-26
4.404	0.4802E-26
4.654	0.1053E-25
4.919	0.2314E-25
5.198	0.5172E-25
5.493	0.1197E-24
5.804	0.2901E-24
6.134	0.7722E-24
6.482	0.2241E-23
6.850	0.6844E-23
7.239	0.1969E-22
7.650	0.4904E-22
8.084	0.1026E-21
8.543	0.1844E-21
9.028	0.2934E-21
9.541	0.4267E-21
10.08	0.5796E-21
10.65	0.7479E-21
11.26	0.9277E-21
11.90	0.1116E-20
12.57	0.1311E-20
13.29	0.1509E-20
14.04	0.1710E-20
14.84	0.1912E-20
15.68	0.2113E-20
16.57	0.2313E-20
17.51	0.2511E-20
18.51	0.2707E-20
19.56	0.2899E-20
20.67	0.3087E-20
21.84	0.3271E-20
23.08	0.3451E-20
24.39	0.3626E-20
25.78	0.3796E-20
27.24	0.3960E-20
28.79	0.4120E-20
30.42	0.4274E-20
32.15	0.4421E-20
33.97	0.4563E-20
35.90	0.4699E-20
37.94	0.4828E-20
40.09	0.4952E-20
42.37	0.5068E-20
44.77	0.5178E-20
47.31	0.5281E-20
50.00	0.5377E-20
 
 
Energy (eV)	Power /N (eV m3/s)
0.2000	0.8132E-18
0.2113	0.8995E-18
0.2234	0.9941E-18
0.2360	0.1098E-17
0.2494	0.1211E-17
0.2636	0.1335E-17
0.2786	0.1470E-17
0.2944	0.1619E-17
0.3111	0.1781E-17
0.3287	0.1958E-17
0.3474	0.2152E-17
0.3671	0.2363E-17
0.3880	0.2595E-17
0.4100	0.2847E-17
0.4333	0.3122E-17
0.4578	0.3423E-17
0.4838	0.3750E-17
0.5113	0.4108E-17
0.5403	0.4498E-17
0.5710	0.4924E-17
0.6034	0.5388E-17
0.6376	0.5893E-17
0.6739	0.6444E-17
0.7121	0.7044E-17
0.7526	0.7697E-17
0.7953	0.8407E-17
0.8405	0.9181E-17
0.8882	0.1002E-16
0.9385	0.1093E-16
0.9918	0.1193E-16
1.048	0.1300E-16
1.108	0.1417E-16
1.170	0.1544E-16
1.237	0.1681E-16
1.307	0.1830E-16
1.381	0.1991E-16
1.460	0.2164E-16
1.543	0.2351E-16
1.630	0.2553E-16
1.723	0.2771E-16
1.821	0.3004E-16
1.924	0.3255E-16
2.033	0.3524E-16
2.149	0.3812E-16
2.270	0.4120E-16
2.399	0.4448E-16
2.536	0.4798E-16
2.679	0.5170E-16
2.832	0.5567E-16
2.992	0.5990E-16
3.162	0.6443E-16
3.342	0.6932E-16
3.531	0.7465E-16
3.732	0.8054E-16
3.944	0.8714E-16
4.168	0.9470E-16
4.404	0.1036E-15
4.654	0.1143E-15
4.919	0.1276E-15
5.198	0.1450E-15
5.493	0.1690E-15
5.804	0.2038E-15
6.134	0.2596E-15
6.482	0.3556E-15
6.850	0.5307E-15
7.239	0.8459E-15
7.650	0.1382E-14
8.084	0.2227E-14
8.543	0.3470E-14
9.028	0.5185E-14
9.541	0.7450E-14
10.08	0.1032E-13
10.65	0.1386E-13
11.26	0.1812E-13
11.90	0.2316E-13
12.57	0.2904E-13
13.29	0.3581E-13
14.04	0.4355E-13
14.84	0.5230E-13
15.68	0.6214E-13
16.57	0.7313E-13
17.51	0.8535E-13
18.51	0.9888E-13
19.56	0.1138E-12
20.67	0.1302E-12
21.84	0.1482E-12
23.08	0.1678E-12
24.39	0.1893E-12
25.78	0.2127E-12
27.24	0.2382E-12
28.79	0.2658E-12
30.42	0.2958E-12
32.15	0.3283E-12
33.97	0.3634E-12
35.90	0.4015E-12
37.94	0.4426E-12
40.09	0.4870E-12
42.37	0.5349E-12
44.77	0.5865E-12
47.31	0.6421E-12
50.00	0.7018E-12
 
 
Energy (eV)	Elastic power loss /N (eV m3/s)
0.2000	0.8133E-18
0.2113	0.8996E-18
0.2234	0.9941E-18
0.2360	0.1098E-17
0.2494	0.1211E-17
0.2636	0.1335E-17
0.2786	0.1471E-17
0.2944	0.1619E-17
0.3111	0.1781E-17
0.3287	0.1958E-17
0.3474	0.2152E-17
0.3671	0.2364E-17
0.3880	0.2595E-17
0.4100	0.2847E-17
0.4333	0.3123E-17
0.4578	0.3423E-17
0.4838	0.3751E-17
0.5113	0.4108E-17
0.5403	0.4499E-17
0.5710	0.4924E-17
0.6034	0.5388E-17
0.6376	0.5894E-17
0.6739	0.6444E-17
0.7121	0.7044E-17
0.7526	0.7697E-17
0.7953	0.8408E-17
0.8405	0.9181E-17
0.8882	0.1002E-16
0.9385	0.1093E-16
0.9918	0.1193E-16
1.048	0.1300E-16
1.108	0.1417E-16
1.170	0.1544E-16
1.237	0.1681E-16
1.307	0.1830E-16
1.381	0.1991E-16
1.460	0.2164E-16
1.543	0.2352E-16
1.630	0.2554E-16
1.723	0.2771E-16
1.821	0.3005E-16
1.924	0.3256E-16
2.033	0.3525E-16
2.149	0.3812E-16
2.270	0.4120E-16
2.399	0.4448E-16
2.536	0.4798E-16
2.679	0.5169E-16
2.832	0.5563E-16
2.992	0.5979E-16
3.162	0.6419E-16
3.342	0.6883E-16
3.531	0.7371E-16
3.732	0.7884E-16
3.944	0.8422E-16
4.168	0.8987E-16
4.404	0.9579E-16
4.654	0.1020E-15
4.919	0.1085E-15
5.198	0.1152E-15
5.493	0.1223E-15
5.804	0.1296E-15
6.134	0.1372E-15
6.482	0.1450E-15
6.850	0.1530E-15
7.239	0.1612E-15
7.650	0.1694E-15
8.084	0.1778E-15
8.543	0.1862E-15
9.028	0.1946E-15
9.541	0.2032E-15
10.08	0.2119E-15
10.65	0.2207E-15
11.26	0.2297E-15
11.90	0.2389E-15
12.57	0.2484E-15
13.29	0.2580E-15
14.04	0.2680E-15
14.84	0.2782E-15
15.68	0.2888E-15
16.57	0.2997E-15
17.51	0.3111E-15
18.51	0.3230E-15
19.56	0.3353E-15
20.67	0.3482E-15
21.84	0.3617E-15
23.08	0.3758E-15
24.39	0.3906E-15
25.78	0.4062E-15
27.24	0.4227E-15
28.79	0.4399E-15
30.42	0.4582E-15
32.15	0.4774E-15
33.97	0.4976E-15
35.90	0.5191E-15
37.94	0.5417E-15
40.09	0.5656E-15
42.37	0.5909E-15
44.77	0.6176E-15
47.31	0.6458E-15
50.00	0.6756E-15
 
 
Energy (eV)	Inelastic power loss /N (eV m3/s)
0.2000	0.000
0.2113	0.000
0.2234	0.000
0.2360	0.000
0.2494	0.000
0.2636	0.000
0.2786	0.000
0.2944	0.000
0.3111	0.000
0.3287	0.000
0.3474	0.000
0.3671	0.000
0.3880	0.000
0.4100	0.000
0.4333	0.000
0.4578	0.000
0.4838	0.000
0.5113	0.000
0.5403	0.000
0.5710	0.000
0.6034	0.000
0.6376	0.000
0.6739	0.000
0.7121	0.000
0.7526	0.000
0.7953	0.000
0.8405	0.000
0.8882	0.000
0.9385	0.000
0.9918	0.000
1.048	0.000
1.108	0.000
1.170	0.000
1.237	0.000
1.307	0.000
1.381	0.000
1.460	0.000
1.543	0.000
1.630	0.000
1.723	0.000
1.821	0.2039E-24
1.924	0.1863E-23
2.033	0.1385E-22
2.149	0.8233E-22
2.270	0.4021E-21
2.399	0.1629E-20
2.536	0.5689E-20
2.679	0.1728E-19
2.832	0.4656E-19
2.992	0.1120E-18
3.162	0.2469E-18
3.342	0.5016E-18
3.531	0.9513E-18
3.732	0.1709E-17
3.944	0.2921E-17
4.168	0.4836E-17
4.404	0.7788E-17
4.654	0.1227E-16
4.919	0.1914E-16
5.198	0.2979E-16
5.493	0.4670E-16
5.804	0.7410E-16
6.134	0.1223E-15
6.482	0.2102E-15
6.850	0.3762E-15
7.239	0.6785E-15
7.650	0.1192E-14
8.084	0.1990E-14
8.543	0.3144E-14
9.028	0.4701E-14
9.541	0.6710E-14
10.08	0.9196E-14
10.65	0.1218E-13
11.26	0.1569E-13
11.90	0.1973E-13
12.57	0.2432E-13
13.29	0.2947E-13
14.04	0.3517E-13
14.84	0.4145E-13
15.68	0.4829E-13
16.57	0.5569E-13
17.51	0.6366E-13
18.51	0.7218E-13
19.56	0.8126E-13
20.67	0.9086E-13
21.84	0.1010E-12
23.08	0.1117E-12
24.39	0.1228E-12
25.78	0.1345E-12
27.24	0.1467E-12
28.79	0.1593E-12
30.42	0.1723E-12
32.15	0.1858E-12
33.97	0.1997E-12
35.90	0.2140E-12
37.94	0.2287E-12
40.09	0.2437E-12
42.37	0.2590E-12
44.77	0.2747E-12
47.31	0.2905E-12
50.00	0.3066E-12
 
 
Energy (eV)	Growth power /N (eV m3/s)
0.2000	0.000
0.2113	0.000
0.2234	0.000
0.2360	0.000
0.2494	0.000
0.2636	0.000
0.2786	0.000
0.2944	0.000
0.3111	0.000
0.3287	0.000
0.3474	0.000
0.3671	0.000
0.3880	0.000
0.4100	0.000
0.4333	0.000
0.4578	0.000
0.4838	0.000
0.5113	0.000
0.5403	0.000
0.5710	0.000
0.6034	0.000
0.6376	0.000
0.6739	0.000
0.7121	0.000
0.7526	0.000
0.7953	0.000
0.8405	0.000
0.8882	0.000
0.9385	0.000
0.9918	0.000
1.048	0.000
1.108	0.000
1.170	0.000
1.237	0.000
1.307	0.000
1.381	0.000
1.460	0.000
1.543	0.000
1.630	0.000
1.723	0.000
1.821	0.000
1.924	0.000
2.033	0.000
2.149	0.000
2.270	0.000
2.399	0.000
2.536	0.000
2.679	0.2537E-26
2.832	0.3684E-25
2.992	0.1812E-24
3.162	0.6831E-24
3.342	0.2297E-23
3.531	0.6858E-23
3.732	0.1919E-22
3.944	0.5034E-22
4.168	0.1276E-21
4.404	0.3150E-21
4.654	0.7652E-21
4.919	0.1876E-20
5.198	0.4722E-20
5.493	0.1247E-19
5.804	0.3512E-19
6.134	0.1118E-18
6.482	0.4023E-18
6.850	0.1592E-17
7.239	0.6140E-17
7.650	0.2076E-16
8.084	0.5861E-16
8.543	0.1399E-15
9.028	0.2895E-15
9.541	0.5375E-15
10.08	0.9153E-15
10.65	0.1458E-14
11.26	0.2203E-14
11.90	0.3193E-14
12.57	0.4473E-14
13.29	0.6092E-14
14.04	0.8106E-14
14.84	0.1057E-13
15.68	0.1356E-13
16.57	0.1714E-13
17.51	0.2138E-13
18.51	0.2638E-13
19.56	0.3222E-13
20.67	0.3900E-13
21.84	0.4683E-13
23.08	0.5581E-13
24.39	0.6610E-13
25.78	0.7781E-13
27.24	0.9109E-13
28.79	0.1061E-12
30.42	0.1230E-12
32.15	0.1420E-12
33.97	0.1633E-12
35.90	0.1870E-12
37.94	0.2134E-12
40.09	0.2428E-12
42.37	0.2754E-12
44.77	0.3113E-12
47.31	0.3510E-12
50.00	0.3947E-12
 
 
Energy (eV)	Maximum energy
0.2000	1.777
0.2113	1.595
0.2234	1.661
0.2360	1.733
0.2494	2.155
0.2636	2.253
0.2786	2.357
0.2944	2.469
0.3111	2.589
0.3287	2.717
0.3474	2.854
0.3671	3.001
0.3880	3.157
0.4100	3.325
0.4333	3.505
0.4578	3.698
0.4838	3.905
0.5113	4.128
0.5403	4.369
0.5710	4.631
0.6034	4.891
0.6376	4.439
0.6739	4.685
0.7121	4.953
0.7526	6.245
0.7953	6.621
0.8405	7.030
0.8882	7.476
0.9385	7.962
0.9918	8.494
1.048	9.079
1.108	9.726
1.170	10.44
1.237	11.24
1.307	12.13
1.381	13.14
1.460	14.27
1.543	15.55
1.630	17.04
1.723	18.78
1.821	20.83
1.924	20.47
2.033	21.27
2.149	21.94
2.270	23.03
2.399	23.35
2.536	24.22
2.679	24.92
2.832	25.59
2.992	26.22
3.162	26.66
3.342	28.06
3.531	28.11
3.732	29.66
3.944	29.58
4.168	30.23
4.404	31.24
4.654	31.73
4.919	32.88
5.198	33.59
5.493	35.12
5.804	37.01
6.134	38.76
6.482	42.20
6.850	46.22
7.239	53.24
7.650	71.59
8.084	83.21
8.543	97.09
9.028	112.8
9.541	127.7
10.08	145.2
10.65	165.4
11.26	180.7
11.90	205.7
12.57	264.5
13.29	299.7
14.04	323.6
14.84	348.6
15.68	374.8
16.57	424.7
17.51	456.2
18.51	578.6
19.56	620.1
20.67	664.1
21.84	710.8
23.08	810.2
24.39	869.3
25.78	932.6
27.24	1000.
28.79	1072.
30.42	1360.
32.15	1460.
33.97	1562.
35.90	1673.
37.94	1794.
40.09	2094.
42.37	2258.
44.77	2436.
47.31	2633.
50.00	2852.
 
 
Energy (eV)	# of iterations
0.2000	6.000
0.2113	3.000
0.2234	3.000
0.2360	3.000
0.2494	6.000
0.2636	6.000
0.2786	6.000
0.2944	7.000
0.3111	7.000
0.3287	7.000
0.3474	7.000
0.3671	7.000
0.3880	7.000
0.4100	7.000
0.4333	7.000
0.4578	7.000
0.4838	7.000
0.5113	7.000
0.5403	7.000
0.5710	7.000
0.6034	7.000
0.6376	4.000
0.6739	4.000
0.7121	4.000
0.7526	7.000
0.7953	7.000
0.8405	7.000
0.8882	7.000
0.9385	6.000
0.9918	6.000
1.048	6.000
1.108	6.000
1.170	6.000
1.237	6.000
1.307	6.000
1.381	6.000
1.460	6.000
1.543	6.000
1.630	6.000
1.723	6.000
1.821	7.000
1.924	4.000
2.033	5.000
2.149	5.000
2.270	4.000
2.399	5.000
2.536	5.000
2.679	5.000
2.832	4.000
2.992	4.000
3.162	4.000
3.342	4.000
3.531	4.000
3.732	4.000
3.944	4.000
4.168	4.000
4.404	4.000
4.654	4.000
4.919	4.000
5.198	4.000
5.493	4.000
5.804	4.000
6.134	4.000
6.482	4.000
6.850	4.000
7.239	4.000
7.650	8.000
8.084	10.00
8.543	10.00
9.028	10.00
9.541	10.00
10.08	9.000
10.65	10.00
11.26	10.00
11.90	10.00
12.57	16.00
13.29	16.00
14.04	17.00
14.84	17.00
15.68	17.00
16.57	18.00
17.51	18.00
18.51	25.00
19.56	27.00
20.67	28.00
21.84	29.00
23.08	30.00
24.39	31.00
25.78	32.00
27.24	31.00
28.79	33.00
30.42	42.00
32.15	43.00
33.97	43.00
35.90	44.00
37.94	44.00
40.09	46.00
42.37	46.00
44.77	47.00
47.31	47.00
50.00	47.00
 
 
Energy (eV)	# of grid trials
0.2000	2.000
0.2113	1.000
0.2234	1.000
0.2360	1.000
0.2494	2.000
0.2636	2.000
0.2786	2.000
0.2944	2.000
0.3111	2.000
0.3287	2.000
0.3474	2.000
0.3671	2.000
0.3880	2.000
0.4100	2.000
0.4333	2.000
0.4578	2.000
0.4838	2.000
0.5113	2.000
0.5403	2.000
0.5710	2.000
0.6034	2.000
0.6376	1.000
0.6739	1.000
0.7121	1.000
0.7526	2.000
0.7953	2.000
0.8405	2.000
0.8882	2.000
0.9385	2.000
0.9918	2.000
1.048	2.000
1.108	2.000
1.170	2.000
1.237	2.000
1.307	2.000
1.381	2.000
1.460	2.000
1.543	2.000
1.630	2.000
1.723	2.000
1.821	2.000
1.924	1.000
2.033	1.000
2.149	1.000
2.270	1.000
2.399	1.000
2.536	1.000
2.679	1.000
2.832	1.000
2.992	1.000
3.162	1.000
3.342	1.000
3.531	1.000
3.732	1.000
3.944	1.000
4.168	1.000
4.404	1.000
4.654	1.000
4.919	1.000
5.198	1.000
5.493	1.000
5.804	1.000
6.134	1.000
6.482	1.000
6.850	1.000
7.239	1.000
7.650	2.000
8.084	2.000
8.543	2.000
9.028	2.000
9.541	2.000
10.08	2.000
10.65	2.000
11.26	2.000
11.90	2.000
12.57	3.000
13.29	3.000
14.04	3.000
14.84	3.000
15.68	3.000
16.57	3.000
17.51	3.000
18.51	4.000
19.56	4.000
20.67	4.000
21.84	4.000
23.08	4.000
24.39	4.000
25.78	4.000
27.24	4.000
28.79	4.000
30.42	5.000
32.15	5.000
33.97	5.000
35.90	5.000
37.94	5.000
40.09	5.000
42.37	5.000
44.77	5.000
47.31	5.000
50.00	5.000
 
 
C1    He    Effective (momentum)                                
Energy (eV)	Rate coefficient (m3/s)
0.2000	0.1554E-13
0.2113	0.1604E-13
0.2234	0.1656E-13
0.2360	0.1709E-13
0.2494	0.1764E-13
0.2636	0.1820E-13
0.2786	0.1879E-13
0.2944	0.1939E-13
0.3111	0.2001E-13
0.3287	0.2065E-13
0.3474	0.2131E-13
0.3671	0.2199E-13
0.3880	0.2269E-13
0.4100	0.2341E-13
0.4333	0.2415E-13
0.4578	0.2491E-13
0.4838	0.2570E-13
0.5113	0.2650E-13
0.5403	0.2734E-13
0.5710	0.2819E-13
0.6034	0.2907E-13
0.6376	0.2998E-13
0.6739	0.3091E-13
0.7121	0.3187E-13
0.7526	0.3285E-13
0.7953	0.3385E-13
0.8405	0.3489E-13
0.8882	0.3595E-13
0.9385	0.3703E-13
0.9918	0.3814E-13
1.048	0.3928E-13
1.108	0.4044E-13
1.170	0.4163E-13
1.237	0.4283E-13
1.307	0.4406E-13
1.381	0.4531E-13
1.460	0.4658E-13
1.543	0.4786E-13
1.630	0.4915E-13
1.723	0.5046E-13
1.821	0.5177E-13
1.924	0.5309E-13
2.033	0.5441E-13
2.149	0.5573E-13
2.270	0.5705E-13
2.399	0.5835E-13
2.536	0.5963E-13
2.679	0.6090E-13
2.832	0.6214E-13
2.992	0.6336E-13
3.162	0.6455E-13
3.342	0.6570E-13
3.531	0.6682E-13
3.732	0.6791E-13
3.944	0.6897E-13
4.168	0.6998E-13
4.404	0.7096E-13
4.654	0.7189E-13
4.919	0.7278E-13
5.198	0.7362E-13
5.493	0.7439E-13
5.804	0.7508E-13
6.134	0.7570E-13
6.482	0.7624E-13
6.850	0.7672E-13
7.239	0.7714E-13
7.650	0.7748E-13
8.084	0.7771E-13
8.543	0.7783E-13
9.028	0.7784E-13
9.541	0.7776E-13
10.08	0.7760E-13
10.65	0.7736E-13
11.26	0.7707E-13
11.90	0.7671E-13
12.57	0.7630E-13
13.29	0.7584E-13
14.04	0.7534E-13
14.84	0.7480E-13
15.68	0.7423E-13
16.57	0.7363E-13
17.51	0.7300E-13
18.51	0.7235E-13
19.56	0.7168E-13
20.67	0.7099E-13
21.84	0.7029E-13
23.08	0.6958E-13
24.39	0.6885E-13
25.78	0.6812E-13
27.24	0.6739E-13
28.79	0.6665E-13
30.42	0.6592E-13
32.15	0.6518E-13
33.97	0.6444E-13
35.90	0.6371E-13
37.94	0.6299E-13
40.09	0.6227E-13
42.37	0.6156E-13
44.77	0.6086E-13
47.31	0.6017E-13
50.00	0.5950E-13
 
 
C2    He    Excitation    19.80 eV                              
Energy (eV)	Rate coefficient (m3/s)
0.2000	0.000
0.2113	0.000
0.2234	0.000
0.2360	0.000
0.2494	0.000
0.2636	0.000
0.2786	0.000
0.2944	0.000
0.3111	0.000
0.3287	0.000
0.3474	0.000
0.3671	0.000
0.3880	0.000
0.4100	0.000
0.4333	0.000
0.4578	0.000
0.4838	0.000
0.5113	0.000
0.5403	0.000
0.5710	0.000
0.6034	0.000
0.6376	0.000
0.6739	0.000
0.7121	0.000
0.7526	0.000
0.7953	0.000
0.8405	0.000
0.8882	0.000
0.9385	0.000
0.9918	0.000
1.048	0.000
1.108	0.000
1.170	0.000
1.237	0.000
1.307	0.000
1.381	0.000
1.460	0.000
1.543	0.000
1.630	0.000
1.723	0.000
1.821	0.6518E-27
1.924	0.3992E-26
2.033	0.6135E-25
2.149	0.4179E-24
2.270	0.2254E-23
2.399	0.9863E-23
2.536	0.3718E-22
2.679	0.1211E-21
2.832	0.3489E-21
2.992	0.8913E-21
3.162	0.2073E-20
3.342	0.4436E-20
3.531	0.8822E-20
3.732	0.1661E-19
3.944	0.2967E-19
4.168	0.5136E-19
4.404	0.8647E-19
4.654	0.1422E-18
4.919	0.2322E-18
5.198	0.3799E-18
5.493	0.6280E-18
5.804	0.1055E-17
6.134	0.1858E-17
6.482	0.3431E-17
6.850	0.6609E-17
7.239	0.1268E-16
7.650	0.2327E-16
8.084	0.3980E-16
8.543	0.6341E-16
9.028	0.9465E-16
9.541	0.1341E-15
10.08	0.1819E-15
10.65	0.2381E-15
11.26	0.3028E-15
11.90	0.3761E-15
12.57	0.4581E-15
13.29	0.5486E-15
14.04	0.6477E-15
14.84	0.7551E-15
15.68	0.8709E-15
16.57	0.9947E-15
17.51	0.1127E-14
18.51	0.1266E-14
19.56	0.1413E-14
20.67	0.1567E-14
21.84	0.1729E-14
23.08	0.1897E-14
24.39	0.2071E-14
25.78	0.2252E-14
27.24	0.2438E-14
28.79	0.2630E-14
30.42	0.2827E-14
32.15	0.3029E-14
33.97	0.3236E-14
35.90	0.3446E-14
37.94	0.3660E-14
40.09	0.3878E-14
42.37	0.4098E-14
44.77	0.4321E-14
47.31	0.4545E-14
50.00	0.4770E-14
 
 
C3    He    Excitation    19.00 eV                              
Energy (eV)	Rate coefficient (m3/s)
0.2000	0.000
0.2113	0.000
0.2234	0.000
0.2360	0.000
0.2494	0.000
0.2636	0.000
0.2786	0.000
0.2944	0.000
0.3111	0.000
0.3287	0.000
0.3474	0.000
0.3671	0.000
0.3880	0.000
0.4100	0.000
0.4333	0.000
0.4578	0.000
0.4838	0.000
0.5113	0.000
0.5403	0.000
0.5710	0.000
0.6034	0.000
0.6376	0.000
0.6739	0.000
0.7121	0.000
0.7526	0.000
0.7953	0.000
0.8405	0.000
0.8882	0.000
0.9385	0.000
0.9918	0.000
1.048	0.000
1.108	0.000
1.170	0.000
1.237	0.000
1.307	0.000
1.381	0.000
1.460	0.000
1.543	0.000
1.630	0.000
1.723	0.000
1.821	0.1005E-25
1.924	0.9389E-25
2.033	0.6648E-24
2.149	0.3898E-23
2.270	0.1882E-22
2.399	0.7546E-22
2.536	0.2607E-21
2.679	0.7834E-21
2.832	0.2087E-20
2.992	0.4966E-20
3.162	0.1083E-19
3.342	0.2178E-19
3.531	0.4087E-19
3.732	0.7265E-19
3.944	0.1228E-18
4.168	0.2010E-18
4.404	0.3197E-18
4.654	0.4975E-18
4.919	0.7649E-18
5.198	0.1171E-17
5.493	0.1800E-17
5.804	0.2793E-17
6.134	0.4476E-17
6.482	0.7406E-17
6.850	0.1261E-16
7.239	0.2139E-16
7.650	0.3497E-16
8.084	0.5391E-16
8.543	0.7824E-16
9.028	0.1073E-15
9.541	0.1405E-15
10.08	0.1770E-15
10.65	0.2160E-15
11.26	0.2570E-15
11.90	0.2993E-15
12.57	0.3425E-15
13.29	0.3861E-15
14.04	0.4297E-15
14.84	0.4729E-15
15.68	0.5155E-15
16.57	0.5570E-15
17.51	0.5974E-15
18.51	0.6362E-15
19.56	0.6734E-15
20.67	0.7087E-15
21.84	0.7420E-15
23.08	0.7732E-15
24.39	0.8022E-15
25.78	0.8289E-15
27.24	0.8532E-15
28.79	0.8751E-15
30.42	0.8945E-15
32.15	0.9114E-15
33.97	0.9259E-15
35.90	0.9377E-15
37.94	0.9472E-15
40.09	0.9541E-15
42.37	0.9586E-15
44.77	0.9609E-15
47.31	0.9609E-15
50.00	0.9584E-15
 
 
C4    He    Ionization    24.58 eV                              
Energy (eV)	Rate coefficient (m3/s)
0.2000	0.000
0.2113	0.000
0.2234	0.000
0.2360	0.000
0.2494	0.000
0.2636	0.000
0.2786	0.000
0.2944	0.000
0.3111	0.000
0.3287	0.000
0.3474	0.000
0.3671	0.000
0.3880	0.000
0.4100	0.000
0.4333	0.000
0.4578	0.000
0.4838	0.000
0.5113	0.000
0.5403	0.000
0.5710	0.000
0.6034	0.000
0.6376	0.000
0.6739	0.000
0.7121	0.000
0.7526	0.000
0.7953	0.000
0.8405	0.000
0.8882	0.000
0.9385	0.000
0.9918	0.000
1.048	0.000
1.108	0.000
1.170	0.000
1.237	0.000
1.307	0.000
1.381	0.000
1.460	0.000
1.543	0.000
1.630	0.000
1.723	0.000
1.821	0.000
1.924	0.000
2.033	0.000
2.149	0.000
2.270	0.000
2.399	0.000
2.536	0.000
2.679	0.9469E-27
2.832	0.1301E-25
2.992	0.6054E-25
3.162	0.2160E-24
3.342	0.6874E-24
3.531	0.1942E-23
3.732	0.5142E-23
3.944	0.1277E-22
4.168	0.3061E-22
4.404	0.7153E-22
4.654	0.1644E-21
4.919	0.3814E-21
5.198	0.9084E-21
5.493	0.2270E-20
5.804	0.6051E-20
6.134	0.1822E-19
6.482	0.6207E-19
6.850	0.2325E-18
7.239	0.8482E-18
7.650	0.2713E-17
8.084	0.7249E-17
8.543	0.1637E-16
9.028	0.3207E-16
9.541	0.5633E-16
10.08	0.9078E-16
10.65	0.1368E-15
11.26	0.1956E-15
11.90	0.2683E-15
12.57	0.3557E-15
13.29	0.4584E-15
14.04	0.5772E-15
14.84	0.7125E-15
15.68	0.8646E-15
16.57	0.1034E-14
17.51	0.1221E-14
18.51	0.1425E-14
19.56	0.1647E-14
20.67	0.1886E-14
21.84	0.2143E-14
23.08	0.2418E-14
24.39	0.2709E-14
25.78	0.3018E-14
27.24	0.3343E-14
28.79	0.3685E-14
30.42	0.4043E-14
32.15	0.4416E-14
33.97	0.4804E-14
35.90	0.5207E-14
37.94	0.5624E-14
40.09	0.6054E-14
42.37	0.6496E-14
44.77	0.6951E-14
47.31	0.7416E-14
50.00	0.7891E-14
 
 
He                                                              
Energy (eV)	Inelastic energy loss coefficient (eV m3/s)
0.2000	0.000
0.2113	0.000
0.2234	0.000
0.2360	0.000
0.2494	0.000
0.2636	0.000
0.2786	0.000
0.2944	0.000
0.3111	0.000
0.3287	0.000
0.3474	0.000
0.3671	0.000
0.3880	0.000
0.4100	0.000
0.4333	0.000
0.4578	0.000
0.4838	0.000
0.5113	0.000
0.5403	0.000
0.5710	0.000
0.6034	0.000
0.6376	0.000
0.6739	0.000
0.7121	0.000
0.7526	0.000
0.7953	0.000
0.8405	0.000
0.8882	0.000
0.9385	0.000
0.9918	0.000
1.048	0.000
1.108	0.000
1.170	0.000
1.237	0.000
1.307	0.000
1.381	0.000
1.460	0.000
1.543	0.000
1.630	0.000
1.723	0.000
1.821	0.2039E-24
1.924	0.1863E-23
2.033	0.1385E-22
2.149	0.8233E-22
2.270	0.4021E-21
2.399	0.1629E-20
2.536	0.5689E-20
2.679	0.1728E-19
2.832	0.4656E-19
2.992	0.1120E-18
3.162	0.2469E-18
3.342	0.5016E-18
3.531	0.9513E-18
3.732	0.1709E-17
3.944	0.2921E-17
4.168	0.4836E-17
4.404	0.7788E-17
4.654	0.1227E-16
4.919	0.1914E-16
5.198	0.2979E-16
5.493	0.4670E-16
5.804	0.7410E-16
6.134	0.1223E-15
6.482	0.2102E-15
6.850	0.3762E-15
7.239	0.6785E-15
7.650	0.1192E-14
8.084	0.1990E-14
8.543	0.3144E-14
9.028	0.4701E-14
9.541	0.6710E-14
10.08	0.9196E-14
10.65	0.1218E-13
11.26	0.1569E-13
11.90	0.1973E-13
12.57	0.2432E-13
13.29	0.2947E-13
14.04	0.3517E-13
14.84	0.4145E-13
15.68	0.4829E-13
16.57	0.5569E-13
17.51	0.6366E-13
18.51	0.7218E-13
19.56	0.8126E-13
20.67	0.9086E-13
21.84	0.1010E-12
23.08	0.1117E-12
24.39	0.1228E-12
25.78	0.1345E-12
27.24	0.1467E-12
28.79	0.1593E-12
30.42	0.1723E-12
32.15	0.1858E-12
33.97	0.1997E-12
35.90	0.2140E-12
37.94	0.2287E-12
40.09	0.2437E-12
42.37	0.2590E-12
44.77	0.2747E-12
47.31	0.2905E-12
50.00	0.3066E-12
 
 
