   2        0.0010        6.4000
   3        0.0020        6.5000
   4        0.0030        6.6000
   5        0.0050        6.8000
   6        0.0070        7.1000
   7        0.0085        7.2000
   8        0.0100        7.3000
   9        0.0150        7.7000
  10        0.0200        8.0000
  11        0.0300        8.5000
  12        0.0400        8.9600
  13        0.0500        9.2800
  14        0.0700        9.8500
  15        0.1000        10.5000
  16        0.1200        10.8500
  17        0.1500        11.4000
  18        0.1700        11.6000
  19        0.2000        12.0000
  20        0.2500        12.5000
  21        0.3000        13.0000
  22        0.3500        13.4500
  23        0.4000        13.9000
  24        0.5000        14.7000
  25        0.7000        16.3000
  26        1.0000        17.4000
  27        1.2000        17.8000
  28        1.3000        18.0000
  29        1.5000        18.2500
  30        1.7000        18.2500
  31        1.9000        18.1000
  32        2.1000        17.9000
  33        2.2000        17.7000
  34        2.5000        17.0000
  35        2.8000        16.4000
  36        3.0000        16.0000
  37        3.3000        15.6000
  38        3.6000        14.8000
  39        4.0000        14.0000
  40        4.5000        13.1000
  41        5.0000        12.2000
  42        6.0000        10.4000
  43        7.0000        8.9000 
  44        8.0000        7.8500 
  45       10.0000        6.0000 
  46       12.0000        5.2000 
  47       15.0000        4.5000 
  48       17.0000        4.2000 
  49       20.0000        3.9000 
  50       25.0000        3.6000 
  51       30.0000        3.4000 
  52       50.0000        2.9000 
  53       75.0000        2.6000 
  54      100.0000        2.3000 
  55      150.0000        1.9000 
  56      200.0000        1.6200 
  57      300.0000        1.2800 
  58      500.0000        0.9200 
  59      700.0000        0.7200 
  60     1000.0000        0.5400 
  61     1500.0000        0.3700 
  62     2000.0000        0.2900 
  63     3000.0000        0.2100 
  64     5000.0000        0.1400 
  65     7000.0000        0.1040 
  66    10000.0000        0.0770 
