   2        0.0010        0.3500
   3        0.0020        0.3600
   4        0.0030        0.4000
   5        0.0050        0.5000
   6        0.0070        0.5800
   7        0.0085        0.6400
   8        0.0100        0.7000
   9        0.0150        0.8700
  10        0.0200        0.9900
  11        0.0300        1.2400
  12        0.0400        1.4400
  13        0.0500        1.6000
  14        0.0700        2.1000
  15        0.1000        2.5000
  16        0.1200        2.8000
  17        0.1500        3.1000
  18        0.1700        3.3000
  19        0.2000        3.6000
  20        0.2500        4.1000
  21        0.3000        4.5000
  22        0.3500        4.7000
  23        0.4000        5.2000
  24        0.5000        5.7000
  25        0.7000        6.1000
  26        1.0000        7.2000
  27        1.2000        7.9000
  28        1.3000        7.9000
  29        1.5000        7.6000
  30        1.7000        7.3000
  31        1.9000        6.9000
  32        2.1000        6.6000
  33        2.2000        6.5000
  34        2.5000        6.1000
  35        2.8000        5.8000
  36        3.0000        5.7000
  37        3.3000        5.5000
  38        3.6000        5.4500
  39        4.0000        5.5000
  40        4.5000        5.5500
  41        5.0000        5.6000
  42        6.0000        6.0000
  43        7.0000        6.6000
  44        8.0000        7.1000
  45       10.0000        8.0000
  46       12.0000        8.5000
  47       15.0000        8.8000
  48       17.0000        8.7000
  49       20.0000        8.6000
  50       25.0000        8.2000
  51       30.0000        8.0000
  52       50.0000        7.7000
  53       75.0000        6.8000
  54      100.0000        6.5000
  55      150.0000        6.7000
  56      200.0000        6.0000
  57      300.0000        4.9000
  58      500.0000        3.6000
  59      700.0000        2.9000
  60     1000.0000        2.1200
  61     1500.0000        1.4800
  62     2000.0000        1.1400
  63     3000.0000        0.7900
  64     5000.0000        0.5100
  65     7000.0000        0.3800
  66    10000.0000        0.2800
